0.000000  1.000000  2.000000  3.000000  4.000000  5.000000  6.000000  7.000000  8.000000  9.000000  10.000000  11.000000  12.000000  13.000000  14.000000  15.000000  16.000000  17.000000  18.000000  19.000000  90.000000  
1.000000  1.000000  2.000000  3.000000  4.000000  5.000000  6.000000  7.000000  8.000000  9.000000  10.000000  11.000000  12.000000  13.000000  14.000000  15.000000  16.000000  17.000000  18.000000  19.000000  91.000000  
2.000000  2.000000  2.000000  3.000000  4.000000  5.000000  6.000000  7.000000  8.000000  9.000000  10.000000  11.000000  12.000000  13.000000  14.000000  15.000000  16.000000  17.000000  18.000000  19.000000  92.000000  
3.000000  3.000000  3.000000  3.000000  4.000000  5.000000  6.000000  7.000000  8.000000  9.000000  10.000000  11.000000  12.000000  13.000000  14.000000  15.000000  16.000000  17.000000  18.000000  19.000000  94.000000  
4.000000  4.000000  4.000000  4.000000  4.000000  5.000000  6.000000  7.000000  8.000000  9.000000  10.000000  11.000000  12.000000  13.000000  14.000000  15.000000  16.000000  17.000000  18.000000  19.000000  96.000000  
5.000000  5.000000  5.000000  5.000000  5.000000  5.000000  6.000000  7.000000  8.000000  9.000000  10.000000  11.000000  12.000000  13.000000  14.000000  15.000000  16.000000  17.000000  18.000000  19.000000  99.000000  
6.000000  6.000000  6.000000  6.000000  6.000000  6.000000  6.000000  7.000000  8.000000  9.000000  10.000000  11.000000  12.000000  13.000000  14.000000  15.000000  16.000000  17.000000  18.000000  19.000000  102.000000  
7.000000  7.000000  7.000000  7.000000  7.000000  7.000000  7.000000  7.000000  8.000000  9.000000  10.000000  11.000000  12.000000  13.000000  14.000000  15.000000  16.000000  17.000000  18.000000  19.000000  106.000000  
8.000000  8.000000  8.000000  8.000000  8.000000  8.000000  8.000000  8.000000  8.000000  9.000000  10.000000  11.000000  12.000000  13.000000  14.000000  15.000000  16.000000  17.000000  18.000000  19.000000  110.000000  
9.000000  9.000000  9.000000  9.000000  9.000000  9.000000  9.000000  9.000000  9.000000  9.000000  10.000000  11.000000  12.000000  13.000000  14.000000  15.000000  16.000000  17.000000  18.000000  19.000000  115.000000  
10.000000  10.000000  10.000000  10.000000  10.000000  10.000000  10.000000  10.000000  10.000000  10.000000  10.000000  11.000000  12.000000  13.000000  14.000000  15.000000  16.000000  17.000000  18.000000  19.000000  120.000000  
11.000000  11.000000  11.000000  11.000000  11.000000  11.000000  11.000000  11.000000  11.000000  11.000000  11.000000  11.000000  12.000000  13.000000  14.000000  15.000000  16.000000  17.000000  18.000000  19.000000  126.000000  
12.000000  12.000000  12.000000  12.000000  12.000000  12.000000  12.000000  12.000000  12.000000  12.000000  12.000000  12.000000  12.000000  13.000000  14.000000  15.000000  16.000000  17.000000  18.000000  19.000000  132.000000  
13.000000  13.000000  13.000000  13.000000  13.000000  13.000000  13.000000  13.000000  13.000000  13.000000  13.000000  13.000000  13.000000  13.000000  14.000000  15.000000  16.000000  17.000000  18.000000  19.000000  139.000000  
14.000000  14.000000  14.000000  14.000000  14.000000  14.000000  14.000000  14.000000  14.000000  14.000000  14.000000  14.000000  14.000000  14.000000  14.000000  15.000000  16.000000  17.000000  18.000000  19.000000  146.000000  
15.000000  15.000000  15.000000  15.000000  15.000000  15.000000  15.000000  15.000000  15.000000  15.000000  15.000000  15.000000  15.000000  15.000000  15.000000  15.000000  16.000000  17.000000  18.000000  19.000000  154.000000  
16.000000  16.000000  16.000000  16.000000  16.000000  16.000000  16.000000  16.000000  16.000000  16.000000  16.000000  16.000000  16.000000  16.000000  16.000000  16.000000  16.000000  17.000000  18.000000  19.000000  162.000000  
17.000000  17.000000  17.000000  17.000000  17.000000  17.000000  17.000000  17.000000  17.000000  17.000000  17.000000  17.000000  17.000000  17.000000  17.000000  17.000000  17.000000  17.000000  18.000000  19.000000  171.000000  
18.000000  18.000000  18.000000  18.000000  18.000000  18.000000  18.000000  18.000000  18.000000  18.000000  18.000000  18.000000  18.000000  18.000000  18.000000  18.000000  18.000000  18.000000  18.000000  19.000000  180.000000  
19.000000  19.000000  19.000000  19.000000  19.000000  19.000000  19.000000  19.000000  19.000000  19.000000  19.000000  19.000000  19.000000  19.000000  19.000000  19.000000  19.000000  19.000000  19.000000  19.000000  190.000000  

-------------------------------
X[0] = 1.00000000
X[1] = 0.00000000
X[2] = 1.00000000
X[3] = 0.00000000
X[4] = 1.00000000
X[5] = 0.00000000
X[6] = 1.00000000
X[7] = 0.00000000
X[8] = 1.00000000
X[9] = 0.00000000
X[10] = 1.00000000
X[11] = 0.00000000
X[12] = 1.00000000
X[13] = 0.00000000
X[14] = 1.00000000
X[15] = 0.00000000
X[16] = 1.00000000
X[17] = 0.00000000
X[18] = 1.00000000
X[19] = 0.00000000
Time elapsed = 0.000
